   2.7958067137724703e-02
   3.6005059392891288e-02
   3.1826936903173411e-02
   3.3008872912435774e-02
   3.6352445451249861e-02
   2.9786471836150078e-02
   1.2820228920584057e-04
   0.0000000000000000e+00
   4.4107217163121583e-02
   2.8800879660187149e-02
   2.8687933046179462e-02
   3.5372406810735502e-02
   3.9498429468239379e-02
   5.3106753569425617e-02
   4.0295459865518746e-02
   5.7957450898751511e-02
   3.6915025456606181e-02
   3.7919902179322083e-02
   5.1633148896009250e-02
   2.5554237133866693e-02
   3.6664003550827474e-02
   8.2801656290714620e-02
   3.1900621315833461e-02
   0.0000000000000000e+00
   3.3265173121337671e-02
   2.4991993184770134e-02
   1.4263705570579202e-02
   3.0628353703499204e-02
   3.5517149186267347e-02
   0.0000000000000000e+00
   5.9415725227382948e-02
   8.0841480211934547e-02
   5.2011495269911744e-02
   0.0000000000000000e+00
   3.8990212946646605e-02
   1.2648862664516383e-02
   4.8108924890849829e-02
   0.0000000000000000e+00
   5.3226035195487582e-02
   7.7022237973523977e-02
   3.3583930019595795e-02
   3.6650185952408799e-02
   4.5560143278441399e-02
   3.5256734737927897e-02
   3.0589935440060095e-02
   6.4646581162577280e-02
   3.3814230936663942e-02
   4.3948554643557923e-02
  -1.3080982478878138e-02
   2.4538676258593885e-02
   4.3491304714513637e-02
   3.7949297050672029e-02
   1.8714777698954330e-02
   4.1317202254835348e-03
   3.1025844353894810e-02
   3.0907796184800621e-02
   3.9494392133475990e-02
   1.7808244292343716e-02
   9.4750235108724996e-03
   2.1518132156486954e-02
   3.8267071514862833e-02
   6.4265692514877640e-02
   2.9644471604713930e-02
   0.0000000000000000e+00
   3.1317893171121325e-02
   0.0000000000000000e+00
   2.6938512361172139e-02
   2.7337006263435139e-02
   1.9896538208642790e-03
   4.9863858462320922e-02
   2.1723004974772177e-02
   3.7071728830262697e-02
   1.3139690976217717e-02
   2.8227683750306300e-02
   4.2651985475209084e-02
   3.4396083898775860e-02
   1.3965853619066632e-02
   5.7672561416115493e-02
   2.9359960937593663e-02
  -8.4861222327379637e-02
   2.2103415465230560e-02
   1.6112491252491236e-02
   1.6280620999644967e-02
   4.0168723562034589e-02
   3.9352889096346690e-02
   6.6131377414648890e-02
   2.6746374885827675e-02
   2.2022436677375398e-02
   4.0317877610938427e-02
   7.6903982717363819e-03
   3.8259343671078479e-02
   4.6837694905653586e-02
   2.8452640454517165e-02
   1.0515852093080258e-02
   9.3244640982329732e-03
   1.1039602476943923e-02
   2.1024965638238077e-02
   7.6380056933666549e-02
   3.3598122482729594e-02
   5.3966064220423472e-02
   1.7203036780531901e-02
   1.5106123413989651e-02
   1.5946383377067514e-02
   1.8559748904468466e-02
   2.1561599878208333e-02
   3.0011288210433213e-02
   2.5580053177553477e-02
   3.4910847135998235e-02
  -2.0945871386138869e-02
  -4.5835840834807927e-02
  -4.9723494653055263e-02
  -1.8371375739911076e-02
   1.2433818430214192e-03
  -4.7016615945665516e-02
  -4.7378497186113033e-02
  -6.7117827150104226e-02
  -4.4088399906714926e-02
   0.0000000000000000e+00
  -2.2520301165797854e-02
  -2.9497387530678938e-02
   5.2058554875966577e-02
   5.4395272178914766e-02
   1.8460699116234418e-02
  -3.1280742803208465e-02
   3.0156467733615262e-02
   1.9753217299060200e-02
   3.1905639443653974e-02
   3.5510356785030645e-02
   5.5038102350875716e-02
   2.7601754751111717e-02
   3.1669689684172921e-02
   0.0000000000000000e+00
   2.6505280108576754e-02
   6.4603946346183799e-02
   4.1642290684129508e-02
   4.9561373533475422e-02
   4.5585534943231927e-02
   2.7253075973093861e-02
   3.0046829698666396e-02
   4.6341961925603421e-02
   5.2060018210323133e-02
   5.0984617242218803e-02
   3.4136105410463934e-02
   4.4819440020263432e-02
   2.2716992984355752e-02
   3.9671833530294534e-02
   2.6932528285602511e-02
   4.2827881019170636e-02
   3.9422214657132595e-02
   2.9809165243161757e-02
   3.6105583234581629e-02
   5.3348027516465758e-02
   3.5790938568332806e-02
   3.2966910940582989e-02
   3.4862503843323941e-02
   2.1618507623841026e-02
   3.5936460553358807e-02
   3.0897231063947254e-02
   5.6088652365070178e-02
   3.4409521585428822e-02
   5.2227088658709495e-02
   2.9458340104469519e-02
  -1.4335263207371642e-02
   4.3129387120498533e-02
   1.4004168694861548e-02
  -8.2698247887275977e-02
   3.0800259535043423e-02
   4.5300438734405868e-02
  -6.7319492556426774e-02
  -4.1388038941616384e-02
  -1.2975367679858024e-02
  -3.0533306015664306e-02
  -1.3021868081630032e-02
   2.4263666173813897e-02
   3.8356324291856925e-02
  -2.7775305679278383e-03
  -1.8195971276309911e-02
   1.8281204786558827e-02
   9.1724400360301307e-03
   4.1504447580083662e-02
  -1.4291027988013866e-02
  -1.4315012848101367e-02
  -2.5910161153730876e-03
   1.6645759414403563e-02
   3.3930942656396228e-02
   3.4569267178231541e-02
   1.4647013357373636e-02
   4.2624680216154821e-02
   1.8133477184392302e-02
   1.7297502823086706e-02
   2.4680714993642942e-02
  -6.4965214004417179e-03
   3.0847716639376702e-02
   5.3326203997154840e-02
   1.9009849556638543e-02
   2.9537814130534027e-02
   2.8427048090893393e-02
   2.0285144318224570e-02
   2.1527012765189903e-02
   2.9774657325878480e-02
   2.3453353467609458e-02
   3.4609124368825586e-02
   3.3677956641637488e-02
   0.0000000000000000e+00
   4.3096525425095310e-02
   3.5392611255413500e-02
   4.4387085368673543e-02
   0.0000000000000000e+00
   2.2070043388429501e-02
   4.3662826480483349e-02
  -1.4241909537814076e-01
  -1.1129211320302501e-01
  -1.3771373875335741e-01
  -1.2767974877746519e-01
  -8.5237824073092730e-02
  -1.3373405894937224e-01
  -7.5186154855097720e-02
  -8.4156728515405510e-02
  -1.4086239146412213e-01
  -1.4237597611771757e-01
  -1.7352650631667363e-01
  -1.6561958146813591e-01
  -1.3483259953494001e-01
  -8.8184971716659108e-02
  -1.4398060998558759e-01
  -1.1182731937590805e-01
  -1.3294564908379986e-01
  -1.4148932699287339e-01
  -1.4701598629423610e-01
  -1.0175576289432633e-01
  -1.4800858640677436e-01
  -1.6951481576249747e-01
  -1.8196576388694807e-01
  -1.4787946973971161e-01
  -1.6231066665046265e-01
  -1.4779188827174464e-01
  -1.3736814623679969e-01
  -1.6491859552127622e-01
  -1.3471462810475041e-01
  -1.3928626990368437e-01
  -1.4278311595477250e-01
  -1.5071621163106988e-01
  -1.6778758637984681e-01
  -1.7621606165793643e-01
  -1.6141175689949219e-01
  -1.5303897130742214e-01
