   9.6239057222286858e-02
   1.2650042405471382e-01
   8.1703300666554027e-02
   7.6776522717371509e-02
   3.8545303189536077e-02
   4.6906796900941704e-02
   1.2147371044777705e-01
   0.0000000000000000e+00
   1.3209165103363704e-01
   5.5279202762014763e-02
   7.7082075533539116e-02
   4.7338140683845842e-02
   4.0748067876719828e-02
   3.7209828199643191e-02
   4.4995448129219816e-02
   6.2416855734548318e-02
   7.9760061097151294e-02
   8.0880460056532599e-02
   3.9158804418392163e-03
   7.2310774729042696e-02
   2.1567719872162418e-02
  -1.8591631174246111e-02
   6.5688950839809232e-02
   0.0000000000000000e+00
   8.1268155409810861e-02
   2.9826586996450074e-02
   4.9440148772148543e-02
   2.8507976300263093e-02
   7.3474466307375377e-02
   0.0000000000000000e+00
   2.1839216712385170e-02
   3.9480485466657687e-02
   1.9020464435549805e-02
   0.0000000000000000e+00
   4.6068072575342831e-02
  -6.7961433266700835e-03
   1.4761400148864717e-02
   0.0000000000000000e+00
   9.9583878311165136e-02
   2.7783649752255460e-02
   1.2093238624269439e-02
   5.0976932290061755e-03
   1.8412688033780648e-02
   5.6451470486504729e-02
   3.0887379657494867e-03
   1.8493597705162595e-02
   1.4968421310791312e-02
   1.2666802697509761e-02
  -1.4224091904835458e-02
   2.6800172276739424e-03
   5.4557194971406327e-02
   1.2745886207921947e-02
   7.8472164064165698e-02
   6.6201822872964139e-02
   1.1739989311023501e-01
   5.2154243221532288e-02
   7.2838426131351108e-02
   9.7045290795607378e-02
   1.4272486843292378e-01
   1.1843475896071834e-01
   8.9025752920341688e-03
  -2.7372001779488130e-02
   8.1164183833615441e-02
   0.0000000000000000e+00
   3.0659086528657509e-02
   0.0000000000000000e+00
   1.0879771387034419e-01
   1.0355914453679577e-01
   1.8011193588353135e-02
  -1.4402758065167087e-01
  -1.6961626000748568e-02
  -1.0585299645282777e-01
  -7.8491261146827099e-02
  -5.6523005122973285e-02
  -1.6407966126069484e-02
  -2.3822722288454317e-02
  -5.9659451483708742e-02
  -1.0947564662615590e-01
  -4.1877369565832025e-02
   1.0730345246054974e-01
  -1.6603179154541826e-02
   1.9163850301688521e-02
  -4.1729155192947148e-02
  -4.9415709298695723e-02
  -1.1026826039271902e-02
  -5.7751849421517600e-02
  -2.8377248125423516e-02
  -4.1319767766745855e-02
  -7.6053049905300207e-02
  -2.7697039610046492e-02
  -4.1254749862608013e-02
  -3.4710381558681986e-03
  -2.4061749874199071e-02
  -7.6409119880040920e-03
  -5.8651056186121995e-03
  -3.4532474315517182e-02
  -3.3460598998651683e-02
   3.1788331298679577e-02
  -3.8775046918373517e-02
  -5.2201459301572418e-02
  -1.8863659951684000e-02
  -3.8930225614733423e-02
  -4.3612771033043937e-02
  -7.3632539765314017e-02
  -5.5981828144750397e-02
  -1.5872312302176290e-02
  -7.5002500980111117e-02
  -5.3915932894502659e-02
   3.4934057820886770e-03
   2.1257821343306203e-02
  -4.4296923157358878e-02
  -6.6721246951337160e-02
  -5.8693853283100852e-02
  -3.9524745695637834e-03
   7.3008649521001431e-02
   5.2525783497834690e-02
   3.8251404518634896e-03
   0.0000000000000000e+00
  -1.9622636075181006e-02
   6.6968230709582188e-02
  -4.7537006531637713e-02
  -1.8146796374046332e-02
  -2.3706938330915216e-02
   8.1795505075663133e-02
   5.3200115677193863e-02
   2.7258232688230195e-02
   2.7155579880859350e-02
  -5.7482222912683054e-02
   4.6995698273012337e-02
   6.3743149848935213e-02
   3.3050980371912196e-02
   0.0000000000000000e+00
   3.5660186191490549e-02
   3.1492673792172889e-02
  -3.6297268154888117e-02
  -2.3397582868188702e-02
   1.2272810729862384e-02
   4.7623524607231710e-02
   3.0108062937561887e-02
   3.4362197645532597e-02
   3.1748589732196998e-02
   2.7252332509547974e-02
   7.8780446187218505e-03
   1.6997462145508114e-02
  -4.4235277193496528e-03
  -1.4349001170974303e-02
   1.6429083232401213e-02
  -2.4797774350420909e-02
   2.0058749379345677e-02
   4.7801276209271923e-02
  -1.5893461423083149e-02
  -5.4358297372138507e-02
  -1.5259747222615555e-02
   6.7924422777179833e-02
  -5.3922996926308317e-03
  -2.5287822400284158e-02
  -2.4368976204163770e-02
  -6.7873792733341126e-02
   4.0791702112582921e-02
   1.6767461522391707e-02
  -1.6944182272077954e-03
  -7.0941876800471870e-02
  -9.7641589308517587e-02
  -1.1643211019962783e-01
  -4.7189154890996177e-02
  -8.1586181005629602e-02
   5.2970998780999340e-02
   3.6361740775102702e-03
  -1.3165856366189929e-01
  -3.5008262181854710e-02
  -5.9614791418094421e-02
  -4.2985707872506135e-02
  -2.4628958814005071e-02
  -7.4750290793770737e-03
   4.4557614444744403e-02
   3.1083575590148505e-02
   1.0896320895152292e-01
   1.6934485028823904e-02
   7.1931715191836998e-02
   7.0685055044924561e-02
   4.9874786009027915e-02
   2.1059327544010912e-02
   7.6928964528993310e-02
   7.3774549390308669e-02
   7.5477582270463583e-02
   6.7617487261968159e-02
   4.5867387212824406e-02
   4.3428666885400175e-02
  -1.4655662818724530e-01
  -1.6306165848133841e-01
  -1.8309001419664986e-01
  -1.3864844122560888e-01
  -2.1702937189022006e-01
  -2.0274562330528681e-01
  -1.1116508317251039e-01
  -5.1802407479706693e-02
  -1.0045088059568913e-01
  -9.8619485295618842e-02
  -5.8227811714339328e-02
  -5.2558990804012315e-02
  -5.7724160075317270e-02
  -5.0660777011124973e-02
  -1.7300038430504852e-01
   0.0000000000000000e+00
  -1.1305235824754348e-01
  -1.2853788956970361e-01
  -7.3157587778607897e-02
   0.0000000000000000e+00
  -1.8684113450522958e-02
   2.2754706458304698e-03
   2.9221554312675143e-02
   1.6249600160238277e-02
   1.9350702012031581e-02
  -3.6375147402375275e-02
  -1.7995955814710111e-03
   9.5506741529965869e-02
  -2.3689031379252337e-02
  -2.3355261247069246e-03
  -6.6216219226735040e-02
  -2.8276175901872366e-02
   4.5107272139361214e-03
   3.6068342782903134e-02
  -6.0759114251583580e-03
  -3.6384207618189973e-02
  -3.7540072295831436e-02
  -1.5652704734793876e-01
  -1.2043279665937208e-01
  -8.0622169177921019e-02
  -6.9191526643167439e-02
  -1.0600724878918984e-01
   5.5257671562203604e-03
   1.5414106061783003e-02
   6.7844139279495648e-03
   2.2462651810178168e-02
   4.0449035421761911e-02
  -5.3666726173488164e-03
   3.2238995862907613e-02
   4.7070794278780352e-02
  -1.1869297119885826e-02
  -1.0813003132914245e-02
   2.8708140070068202e-03
   9.6918270409464449e-02
   5.6627835184777393e-03
   1.2649463564760147e-01
   4.2424456718047218e-02
   4.6044035979338982e-02
