  -9.8468545698042389e-03
   5.2547786026814931e-02
   2.3309130481003981e-02
   1.1049277328473037e-02
   2.2654746085291666e-02
   5.6166350428104819e-02
   4.3363708758010724e-02
   0.0000000000000000e+00
  -2.6833276929780013e-02
  -2.2673213290947666e-02
  -2.2472806431669219e-02
   3.6466900194881011e-02
  -2.4982502960397952e-02
   7.0544393588134529e-03
   1.8980516487772197e-02
  -1.5739028145096277e-02
   5.8144601024190511e-03
   1.0893681625604626e-02
   6.1469280151793981e-02
   1.5806906590266147e-02
   1.6070071447736201e-02
  -5.9463047520763859e-03
   1.7457089470921242e-02
   0.0000000000000000e+00
   2.7038223679122165e-02
   2.5678168104003161e-02
   4.5397967706081045e-02
   8.7510621040651965e-02
   1.8891835576723560e-02
   0.0000000000000000e+00
   2.1752325795386128e-02
   2.9990912761280065e-02
  -2.3091269961061006e-02
   0.0000000000000000e+00
  -7.0061076723160814e-03
   4.4623882601917624e-02
  -7.2126336813638892e-02
   0.0000000000000000e+00
  -1.0791306771854059e-01
  -5.5940802779479368e-02
   7.3796169637717528e-03
  -5.5005610002367292e-03
  -1.7453135313338322e-02
   3.0618358758700091e-02
   2.8946005694797834e-03
  -5.4851131383638917e-02
  -1.7929054630039340e-02
   3.4431364431380541e-02
  -5.8652621858369745e-02
  -3.8942003144187526e-02
  -5.2921531668011376e-02
   4.0077154024387412e-02
   2.7021944307722878e-02
   3.0012109239793586e-02
  -1.0404052584265338e-02
   1.9445318394429940e-02
   2.7700050986242179e-02
   8.2326248219259823e-02
   9.1617958023528408e-03
   5.5385498608271320e-02
  -3.0710187551925117e-02
  -9.0683450100084481e-02
  -3.1882412888609955e-03
   0.0000000000000000e+00
   3.7178315874031642e-02
   0.0000000000000000e+00
   1.0006092773417829e-02
   2.0537212930184911e-02
  -1.2752553311207085e-01
  -1.7277281247358889e-01
   3.5978587180191569e-02
   3.8849448618680900e-02
  -1.4437541206748217e-02
   1.0991365695338736e-02
  -1.0021456111598288e-02
  -9.1032250075148528e-03
  -1.1310202552989072e-01
  -1.3288599979547386e-01
  -4.6027577393651528e-02
   1.5858377766261367e-01
  -2.9213627446493261e-02
  -5.4515700860717969e-02
  -4.5409401391296650e-02
  -3.1776613992154909e-02
  -7.8695345467045454e-03
  -7.3551406581140039e-02
  -2.8497305543164448e-02
  -2.8032944982058005e-02
  -7.4772122038419001e-02
   8.7230615354017410e-03
  -2.7903187340236862e-02
  -3.5831523357858233e-02
  -5.2425998117885536e-02
  -1.1478845676675821e-01
  -2.8811124561412507e-02
  -3.3989208814054331e-02
   1.9138416090626893e-02
  -1.4698708531620044e-01
  -2.9550159941597317e-02
  -6.8686233108242914e-02
  -5.7260285027286903e-02
  -5.0860635664746363e-02
  -1.0210051983664886e-01
  -1.0071012398610361e-01
   2.6046593921574813e-02
   8.9675713057558587e-03
  -1.8424562432879953e-02
  -1.7389093992166368e-02
  -1.0234497525109917e-01
  -8.5427587955878834e-02
  -3.2814192875325221e-02
  -4.8681503658858448e-02
  -8.1752521435177611e-02
  -2.9287834705482844e-02
  -3.9215889449654637e-02
  -2.2095514257506315e-02
  -1.1628472286772618e-01
   0.0000000000000000e+00
  -1.2708704243357410e-02
  -5.9035594791081045e-02
   4.7996999614312221e-03
  -2.0421338725762066e-02
   2.0045881943484018e-02
   1.2976888593935920e-01
   6.5721764351218251e-02
   6.4677736551468162e-02
   9.1634369173076310e-02
   4.0812730634405187e-02
   4.5178347619332065e-02
   9.2512176917165040e-02
   6.1957216065370253e-02
   0.0000000000000000e+00
   5.5220351149363758e-02
   3.9082652723211743e-02
   3.1389646069790833e-02
   3.2103038618942391e-02
   4.2172362029647421e-02
   4.9638655222920061e-02
   5.1105476303250935e-02
   4.2271626541756473e-02
  -3.4030745980590429e-02
  -3.2743383659548722e-02
   1.9274561313243177e-02
  -1.0401901760390428e-02
  -1.1797719496819159e-02
  -8.0189230697322606e-03
   9.0169071937986789e-02
   7.4880805574889325e-02
   5.6867595262587112e-02
   6.5822352065654691e-02
   4.3412716207706856e-02
   2.4015962453517857e-02
   4.0732497048044304e-02
   4.4597653609034185e-02
   2.9601790471824627e-02
   5.3792575973544754e-02
  -2.9320264866216684e-02
   2.5427286380872972e-02
   1.6743286170561568e-02
   5.7926571176670702e-02
   2.8236843071226987e-02
   6.7484685582572701e-02
  -5.5401059177173022e-02
  -7.7440101165830055e-02
  -7.7121595716369951e-02
   5.7798790311995404e-02
  -1.1552916231164216e-01
  -9.2896496462839387e-02
  -9.5632902198976841e-02
  -1.3558605562361697e-01
  -8.2119622092006073e-02
  -1.1264729672363086e-01
  -6.0705055281887660e-02
  -4.2254859238845588e-02
   1.6195305370144662e-02
   1.2828488731574000e-01
  -1.7299175680316664e-02
  -5.2652960592385070e-02
  -5.1862523700943790e-02
  -2.7149999702066684e-02
   4.8346433864808386e-02
   1.1572073531080328e-01
  -1.1449103572180737e-02
   4.1650635982791791e-02
   1.1250099590933670e-02
  -5.8120358694039014e-03
  -6.9515997345252531e-02
  -4.2701683327136253e-02
   3.0284304213585054e-02
   3.8107031207757318e-02
   6.2133926796401895e-02
   1.0720713240707770e-01
   4.6530490600625869e-02
  -5.3147796646472845e-02
   2.4317328945247789e-02
   2.4685301714166941e-02
   3.4805649601729903e-02
   6.5354265754926491e-02
   7.9169156777507146e-02
   6.3577873371377616e-02
   4.0587877385029253e-02
   4.8557867714394527e-02
   4.7367226706537445e-02
   0.0000000000000000e+00
   5.5134976921285737e-02
   1.1518690086114225e-01
   2.6166750952909112e-02
   0.0000000000000000e+00
   7.4321081235934588e-02
   8.4156080786693371e-02
   3.4817539427529742e-02
  -1.9326027052053250e-02
   7.1346227051966804e-02
   5.8893705821496001e-02
  -9.6032425509408829e-03
  -6.0817982791733560e-02
  -1.7187107176136297e-02
  -1.8161411372358743e-02
   8.2363568623739461e-02
   1.3937411718868861e-01
   1.3176885476988615e-01
   1.4856432435501099e-01
   2.7582179031508496e-03
  -8.8361225774630193e-04
   8.1707178583435430e-02
   1.8568959712127051e-01
   1.2485358226376099e-01
   7.8092628090985813e-02
   9.6679322562716358e-02
   4.4591756591752928e-02
  -1.0299776304427025e-01
  -1.1898412833989337e-01
   1.1120500637412360e-01
  -8.6167264529224366e-02
   2.9589123908413794e-02
  -5.3560402000079464e-02
  -7.0608533867643597e-02
  -3.2114108984511024e-02
  -1.0639241936744635e-01
  -1.3139063065900225e-01
  -7.6668534611660386e-02
  -2.5558930791829138e-01
  -1.2130246188237698e-01
   4.7776565276565784e-02
  -3.7313133881325317e-02
  -6.2073642837447957e-02
