   4.9050683374176807e-01
   5.2689836803253343e-01
   4.9918645766053560e-01
   5.0827818968803795e-01
   4.9713544576230828e-01
   5.1453676819230798e-01
   4.9539516143811158e-01
                      NaN
   5.0670879576422978e-01
   5.0992917904295043e-01
   5.2184164157505952e-01
   5.1570862220871994e-01
   5.1440139334574031e-01
   5.4149777831491686e-01
   5.0786897576670642e-01
   5.1853840901888537e-01
   5.0125723435878777e-01
   4.9784650641568878e-01
   5.0442891812319735e-01
   4.8597457002664740e-01
   5.1912109313992871e-01
   5.2069170478624871e-01
   5.0421827415988707e-01
                      NaN
   5.0800262773268545e-01
   5.1825794655098156e-01
   4.7573927178503361e-01
   5.2899908788991312e-01
   5.1080521718489091e-01
                      NaN
   5.2654999628383647e-01
   5.3933541573294508e-01
   5.1157531961439173e-01
                      NaN
   5.1869702277833718e-01
   5.0199947414789303e-01
   5.2463294986620146e-01
                      NaN
   5.2431992344745615e-01
   5.4461970668318216e-01
   5.0644121818688070e-01
   5.2847000890897644e-01
   5.0488984276819737e-01
   5.2285342601920526e-01
   5.0525406683129792e-01
   5.2540259997347727e-01
   5.0787246690051380e-01
   5.2711855096385785e-01
   5.1125010856852127e-01
   5.2222155419940175e-01
   5.0891578807156090e-01
   5.2828047025156255e-01
   5.0022073602095063e-01
   5.0708619799291721e-01
   5.0421667043600660e-01
   5.0633315382536959e-01
   5.2231732568388056e-01
   5.0983979723366146e-01
   5.0177110534032687e-01
   5.1562926530932329e-01
   5.1103748199658516e-01
   5.4763471621008319e-01
   5.1703782165869461e-01
                      NaN
   5.0141728625180615e-01
                      NaN
   5.1622767987876172e-01
   4.9667992067855177e-01
   5.1066285663997601e-01
   5.3112094632364693e-01
   4.8796974255506309e-01
   5.3664092977506317e-01
   5.0442577279379786e-01
   4.9142605979638360e-01
   5.0610177208053686e-01
   4.9399298498487981e-01
   4.9300842433554948e-01
   5.5628388458270450e-01
   5.1099738362618297e-01
   5.0298712007776580e-01
   4.8172156787790460e-01
   5.0529326906242444e-01
   5.0864640433050790e-01
   5.2295271352394057e-01
   4.9329895123178502e-01
   5.1323931868184225e-01
   4.8063070773041483e-01
   5.1642195902249788e-01
   4.9867230741419327e-01
   4.9323740017506307e-01
   4.9164117830961934e-01
   4.8988111258082484e-01
   5.1960312346867832e-01
   5.1083933108382340e-01
   5.0575857088313292e-01
   5.0797671779871478e-01
   4.9972793635996926e-01
   5.1740223491934934e-01
   5.0574291843231411e-01
   5.3129005974814791e-01
   4.9315272295036089e-01
   5.2450467834551529e-01
   5.0355649783817547e-01
   5.0997741063299729e-01
   4.9723177581851641e-01
   4.9960114242946879e-01
   5.0505530543285371e-01
   5.0667603202223988e-01
   5.0450365515438733e-01
   4.9558550501141424e-01
   4.8459883520046104e-01
   5.1800604003619255e-01
   4.8298847913723408e-01
   4.9292788916783681e-01
   5.0789582898077068e-01
   4.8974357836415139e-01
   5.0969847740056118e-01
                      NaN
   4.9178408332693541e-01
   4.8075816412846067e-01
   5.0588572913647012e-01
   5.2706945364419400e-01
   4.7171472395756220e-01
   4.4451804478072354e-01
   5.0529740293696213e-01
   4.6881148660085897e-01
   5.0771796034755456e-01
   4.6225820741261281e-01
   5.2176205778308093e-01
   5.0146288292363550e-01
   4.9011213989716385e-01
                      NaN
   5.0269337916513979e-01
   5.1779943228755365e-01
   5.0945404053913412e-01
   5.0880002497977184e-01
   5.1122651985409673e-01
   5.0050450715552386e-01
   5.0916878514267938e-01
   5.1389080789774111e-01
   4.9772929183361292e-01
   4.9618925686619963e-01
   5.0027659690498161e-01
   4.8488723660323690e-01
   4.8170546102096407e-01
   5.0452194061586753e-01
   5.1388217299357886e-01
   5.1880590289529049e-01
   5.0534182851722598e-01
   4.8114412748203739e-01
   4.9436790976092854e-01
   4.8626919074778296e-01
   4.8402709523605913e-01
   4.8422843130366622e-01
   5.0711445285512036e-01
   5.0721299170732792e-01
   5.1046697866142843e-01
   5.2692068347326959e-01
   5.1135070266520843e-01
   5.0223319344653949e-01
   5.1756371216396124e-01
   5.2417529212355340e-01
   4.9869468653757415e-01
   5.1827258614528104e-01
   5.1038302854782602e-01
   5.2927790712351819e-01
   5.1906655550068626e-01
   5.0870757296043911e-01
   4.9775071293924700e-01
   4.1107343875865143e-01
   4.9322720069505799e-01
   4.9932260030416992e-01
   5.0068196737067627e-01
   5.1579065754662368e-01
   5.0769963618522873e-01
   5.1135019841266116e-01
   4.9691069061415499e-01
   4.8041145299185073e-01
   5.0462031757149606e-01
   5.3498915294670890e-01
   4.8740433071545503e-01
   5.0227406206525105e-01
   5.0076226914818300e-01
   5.1802822720336805e-01
   5.0661361415324568e-01
   5.0197284356584670e-01
   4.9632548569304380e-01
   5.3594175296857482e-01
   5.0265773505320988e-01
   4.7995641655044369e-01
   4.9768145631434768e-01
   4.7375714954320486e-01
   4.8933461927449512e-01
   4.3908873490177336e-01
   4.9182160131093283e-01
   5.0069731607199486e-01
   5.0718987657681702e-01
   5.0429890882296158e-01
   5.1162901701713570e-01
   5.0279428731603015e-01
   4.9880766363978757e-01
   4.8943155965058249e-01
   4.9908737748649074e-01
                      NaN
   5.1706177367220796e-01
   5.0960819224199072e-01
   5.1151163508089958e-01
                      NaN
   4.9560112024710534e-01
   5.1625989677647932e-01
   4.7923992607623550e-01
   4.6462838055509204e-01
   4.9160214883425662e-01
   4.8408017409661869e-01
   4.8583129202348857e-01
   5.0647454097598388e-01
   4.8663731874298582e-01
   4.6001927834924811e-01
   4.9897846381750688e-01
   4.9606657631400064e-01
   4.9804632424722067e-01
   5.1400053144154900e-01
   4.9834667301905594e-01
   5.2607668442164257e-01
   5.0247217332336713e-01
   5.3383968000471138e-01
   4.9199918779643775e-01
   4.9711725329838835e-01
   4.8132424189882222e-01
   4.7708092173321720e-01
   4.7623092577087550e-01
   4.6561625454155708e-01
   5.2179389413143906e-01
   4.8371289858912919e-01
   5.0343292194135691e-01
   4.9142746761935469e-01
   4.9867931674166405e-01
   4.8143263860105401e-01
   5.1296027508591446e-01
   4.8969366030695610e-01
   4.9881534912059050e-01
   5.0452343929280363e-01
   4.7961067568022153e-01
   4.8721032474017018e-01
   5.1721489331159909e-01
   4.8013664714608434e-01
