   3.2531913573851552e-02
   1.9840748380126220e-02
   3.4251910629411270e-02
   3.4680023078874044e-02
   4.0019448342263904e-02
   3.0316635564815508e-02
   4.1345954301572020e-03
   0.0000000000000000e+00
   4.3069629230228647e-02
   3.6328572097738959e-02
   3.0746514778119394e-02
   3.3695578197237480e-02
   3.7624791769123832e-02
   4.9373270242610616e-02
   4.1695153401048214e-02
   5.4850965352470728e-02
   4.0880128594436162e-02
   3.4528922745479397e-02
   6.0370331067217640e-02
   3.0306088467600991e-02
   3.9334633062723126e-02
   8.7603083031850451e-02
   4.0091505239012781e-02
   0.0000000000000000e+00
   3.7079730543449652e-02
   2.6725635441651775e-02
   1.2923016597325289e-02
   2.7776661019519495e-02
   2.8728078406901753e-02
   0.0000000000000000e+00
   6.0557404207557487e-02
   7.9695611554285326e-02
   5.6948018521982113e-02
   0.0000000000000000e+00
   3.8266737700951008e-02
   2.0377565479493764e-02
   4.5417510604693498e-02
   0.0000000000000000e+00
   4.7894295943104022e-02
   7.9405271680338091e-02
   3.6089334313683614e-02
   3.2812402160756197e-02
   4.8332679211713324e-02
   2.6383354486895542e-02
   2.9372474363538209e-02
   6.0024267954051011e-02
   3.6046662212217459e-02
   4.1980465630275611e-02
  -7.4181448166728732e-03
   2.6609752784420689e-02
   4.1110843906581325e-02
   3.2769204269072830e-02
   1.7588353323334104e-02
   2.9999274509236043e-03
   3.2679551232123648e-02
   3.1343092520726236e-02
   4.2323235871780669e-02
   2.2427258743276619e-02
   2.0328151298042045e-02
   1.8597961194576355e-02
   3.6920943084415944e-02
   6.3893323023948845e-02
   3.3177278786809386e-02
   0.0000000000000000e+00
   2.9230046194224951e-02
   0.0000000000000000e+00
   2.6889737491471759e-02
   2.7433061258794682e-02
   7.2056435571792856e-03
   6.2230363991480943e-02
   2.1093084685068673e-02
   3.1371695886487951e-02
   8.5596083195808338e-03
   2.4383576098389214e-02
   4.3723578190280596e-02
   3.8722414110237496e-02
   2.1601278311813164e-02
   5.7449058689459744e-02
   3.2616550372092025e-02
  -7.5033044429967818e-02
   2.9499172481688100e-02
   1.4468092614435567e-02
   2.0773683401690161e-02
   4.1141246548524961e-02
   3.7309010706283792e-02
   6.7845973008768851e-02
   3.4162603821655584e-02
   1.6749537115231850e-02
   4.9654516943199917e-02
  -4.6976885749152085e-03
   3.8805164548548376e-02
   4.1008459819015873e-02
   3.3896514531716632e-02
   1.6132519529474566e-02
   7.6575843973417509e-03
   7.1076460447701091e-03
   2.1150115857161447e-02
   8.2046413143337049e-02
   3.5901211805793969e-02
   5.0249068755514277e-02
   2.0248797918747383e-02
   1.9058340560204372e-02
   1.6071929224445860e-02
   1.7417682616911637e-02
   1.7707204140438439e-02
   2.6169250627245514e-02
   2.7323375100565653e-02
   3.8403416806263455e-02
  -2.0386735032850042e-02
  -5.4511062107873466e-02
  -5.3299965096395507e-02
  -2.3737722811956293e-02
  -2.8160997354037515e-04
  -5.6460850211285704e-02
  -4.9937871891165470e-02
  -7.7915765074903026e-02
  -4.6833431311031522e-02
   0.0000000000000000e+00
  -3.2076268335243088e-02
  -4.5488095631352810e-02
   5.5301107153560229e-02
   5.5539411994217254e-02
   2.6459526366348959e-02
  -2.6921023066326932e-02
   3.4029926453477036e-02
   1.9086051489549529e-02
   3.4447914885625333e-02
   4.7382998654281819e-02
   5.4950192236202171e-02
   2.5716048980093657e-02
   4.1397172913659928e-02
   0.0000000000000000e+00
   2.7392982091425575e-02
   5.8923856033907013e-02
   4.4572409704461580e-02
   4.4562518771020451e-02
   4.7172137599021897e-02
   2.6868759272522493e-02
   3.2335615348131910e-02
   4.6747965086455678e-02
   5.8636857403571406e-02
   4.9018654656028560e-02
   3.8264310837001242e-02
   4.3407079252273884e-02
   2.2983352081596124e-02
   3.8129330462133196e-02
   2.0885310430198374e-02
   4.7363537587203894e-02
   4.2126300907303425e-02
   3.0415583150789925e-02
   3.0721497938402981e-02
   6.3120508846521955e-02
   4.2255982880090352e-02
   2.1899882956757405e-02
   3.6601875892161934e-02
   1.9429338042661788e-02
   3.8631675274530965e-02
   3.0341930564745854e-02
   6.2730215596537395e-02
   3.5022641943883527e-02
   5.5998626649440691e-02
   3.1371338368393280e-02
  -2.7020013535238113e-02
   4.4176158838297751e-02
   2.0884837523399077e-02
  -8.0615901057545000e-02
   3.0491143050119508e-02
   4.6453732294812852e-02
  -8.1749172378080895e-02
  -3.0258557060388047e-02
  -1.3990939504356323e-02
  -3.8557392836681977e-02
  -2.1633403166863675e-02
   1.4232165786691457e-02
   3.4782342129967878e-02
  -2.3848995876636137e-02
  -1.4251681842217383e-02
   1.9138073257957331e-02
   1.2852786592081309e-02
   4.0645863832910328e-02
  -2.3021837019245366e-02
  -3.3024449406522806e-02
  -2.1762314243591149e-03
   1.3355258218845201e-02
   3.0209713089833390e-02
   3.1984098160369408e-02
   1.3717502060997420e-02
   3.2613437271514334e-02
   8.9435412605018676e-03
   4.5831089515549622e-02
   1.8699614752916260e-02
  -1.9755689913759519e-02
   3.1975192815814332e-02
   6.8987969354662962e-02
   2.3279008795417666e-02
   2.0302872292548263e-02
   2.5419578105202834e-02
   8.4134876866161484e-03
   1.9631653705389433e-02
   1.8748384664075420e-02
   2.3566360285494654e-02
   3.8606436720379673e-02
   2.9164866734606922e-02
   0.0000000000000000e+00
   4.0418261980664887e-02
   3.1744329096012332e-02
   4.4450673651998354e-02
   0.0000000000000000e+00
   2.3587174123720019e-02
   3.7657210353878472e-02
  -1.4403462047431986e-01
  -1.1217500923102482e-01
  -1.4109549207324160e-01
  -1.2414103282489715e-01
  -9.7310303296887016e-02
  -1.3848872080617020e-01
  -8.9366204611746561e-02
  -9.4156014833381263e-02
  -1.2858588690634862e-01
  -1.3718137722578880e-01
  -1.6242482294124125e-01
  -1.4074653609076057e-01
  -1.3537276806831675e-01
  -9.3874333819146491e-02
  -1.4258484461570820e-01
  -9.2680217487106378e-02
  -1.3217838836795473e-01
  -1.4490399428248996e-01
  -1.4720223033557270e-01
  -1.0712102347583391e-01
  -1.4340466139804217e-01
  -1.6995262856645954e-01
  -1.7032973743160360e-01
  -1.3506361014347248e-01
  -1.5380946212042823e-01
  -1.4036598394262631e-01
  -1.4102779367206916e-01
  -1.5899605332583339e-01
  -1.3060661823555059e-01
  -1.3524745247230710e-01
  -1.4817441464655645e-01
  -1.5164834205024172e-01
  -1.8006091206689945e-01
  -1.8368865467342771e-01
  -1.5845686336631110e-01
  -1.4819541851864915e-01
