   7.9615852736020301e-02
   6.5285104629240018e-02
   5.4425691746553165e-02
   9.9189337255298521e-02
   1.2940099513934988e-02
  -3.7504306164592001e-02
   7.9283383456909579e-02
   0.0000000000000000e+00
   1.1221541062301203e-01
   3.8259691439999188e-02
   4.0621571415149611e-02
  -7.1664223295556558e-03
   3.5005169148839312e-02
  -1.5968702637247322e-02
   2.3987771753453874e-02
   5.7030318596507361e-02
   6.6175484596816936e-02
   9.7853781774507514e-02
  -5.7479462330032094e-02
   6.0962194876451159e-02
   1.3406084266799165e-02
  -4.6933061159957726e-02
   3.6101723346421775e-02
   0.0000000000000000e+00
   4.4754552665713487e-02
   4.1493801377585224e-02
   5.1811337044693269e-02
  -9.8846186171958079e-03
   7.5730510579198371e-02
   0.0000000000000000e+00
  -7.9114774720890190e-03
   2.0232775869644996e-02
   8.8598119437657032e-03
   0.0000000000000000e+00
   6.4014665011600677e-02
  -9.4757399218043069e-03
   4.4684675270678799e-02
   0.0000000000000000e+00
   9.6532912345611899e-02
  -1.9635509546745374e-03
  -1.7239740370665817e-02
   8.9671151195548429e-03
   1.0317497652917652e-02
   5.1100251038065737e-02
  -5.1241890017466292e-03
   2.8296643687642377e-02
   8.0501328307744900e-04
  -1.0226777106927576e-02
  -2.3511157250516557e-02
   2.0299065811749417e-03
   6.5892572888074014e-02
   5.1065091335797024e-03
   6.6092656624701734e-02
   1.0426045897209386e-01
   9.9518547460418508e-02
   5.9736977158582609e-02
   2.2986534928430249e-02
   1.7453659481010946e-02
   9.1857652449845770e-02
   4.9533196642569916e-02
   1.7144799544190268e-02
   2.9546356511954978e-02
   5.2863660632990618e-02
   0.0000000000000000e+00
   5.3593306497070343e-02
   0.0000000000000000e+00
   8.0081626966003086e-02
   7.8120872173572498e-02
   2.1607544266045237e-02
  -1.5039217009905939e-01
  -1.7473100426726323e-02
  -7.1105727654844297e-02
  -4.8129542850314733e-02
  -6.7395707315766412e-02
   7.1380338814497650e-03
  -4.0430851906017466e-02
  -5.1149792068525136e-02
  -4.8175399815254538e-02
  -1.7606790686468574e-02
   2.9257678398530985e-02
  -9.5249673963816121e-03
   7.6632118769959665e-02
  -2.4238180938341746e-02
  -6.6009391582269678e-02
   2.0676307610208930e-02
  -5.5325708712616120e-02
  -1.5275707608482606e-02
  -1.3625927504244317e-03
  -7.1475471305746274e-02
   1.1981572067559931e-02
  -9.7167779645321722e-03
   7.7438940290740235e-02
  -2.7922737058379353e-02
   2.4591482563906992e-02
   3.5436871414736094e-02
   1.3536909928846427e-02
  -1.4046604801996532e-02
   7.3723005465663197e-02
  -1.1762444554143405e-02
  -5.9771644698994476e-03
   8.4325421584684427e-03
  -5.3759745461412897e-03
  -1.3276976877055813e-02
  -2.1834018712048816e-02
  -1.9180393598416452e-02
  -2.1450425851286376e-03
  -5.8889685063882737e-02
  -6.0602480508911531e-02
   1.4309683703965646e-02
   5.2797368076760325e-02
   5.0623569322110961e-03
  -3.8933780974014523e-02
  -1.7656322891894081e-02
   6.1233612758043267e-02
   5.8469453671697709e-02
   6.7909941403724819e-02
   5.0004595296064817e-02
   0.0000000000000000e+00
   2.7740550966198391e-02
   1.5350336033443834e-01
  -3.3184344082818652e-02
  -6.0965802728939852e-02
  -1.2891270152144436e-02
   3.1938547147632265e-02
   2.4664041522917676e-02
   4.2974206732730544e-02
  -1.1053142267065805e-02
  -1.6950449268116838e-01
   4.1772284962512271e-02
   6.2908255350025186e-02
   1.3462433209213800e-02
   0.0000000000000000e+00
   5.4513505298914820e-02
   9.0261705827691829e-02
  -2.8710426254333246e-02
  -8.5992021366123501e-03
   1.2652279250008686e-02
   5.0177620104162088e-02
   1.9243824807420214e-02
   5.6772212939324267e-03
   3.4483459752625303e-02
   6.1453878601105107e-02
   2.5011469165635066e-03
   5.3533996106741318e-02
   2.5081535484754898e-02
  -1.9916025939008635e-02
   2.3833926797179102e-02
  -1.8298876504117368e-02
  -2.0557465120325498e-03
   5.4361074720022308e-02
  -1.5810012050811357e-03
  -1.6304235127248079e-01
  -3.4672834529814005e-02
   1.0619319549507061e-01
  -1.5485489864632333e-02
  -1.6953941692543259e-02
  -1.3464159890990871e-02
  -2.4905125444650116e-02
   2.6796718564101285e-04
  -9.7058157441596449e-03
  -2.8341770829867191e-02
  -7.8977567608272500e-02
  -1.6711156943917491e-02
  -1.0362616338444215e-01
  -5.2939422454283507e-02
  -1.3302004360571668e-01
   5.3595112067528955e-02
  -5.0625798782981827e-03
  -4.2594074173303402e-02
   1.5666842303238251e-02
  -2.3217115052069772e-02
  -2.9652659078698335e-03
   2.0364941344951367e-02
   1.4073886509703266e-02
   3.0984816887644227e-02
   1.0266624783813925e-01
   6.4435651320796025e-02
   7.9375657378209976e-03
   7.6088252138986961e-03
   4.1243143903217145e-04
   7.4069818364136869e-02
   9.8473213708389902e-04
   4.9447046342103639e-02
   1.3927056501364221e-02
   5.5624136979160688e-02
   3.8468941387617292e-02
   3.0695126408790088e-02
   3.2896388557219276e-02
  -9.7397906688441865e-02
  -2.6730504675238426e-01
  -1.3203420905539914e-01
  -9.4593618910046015e-02
  -1.7854514021392109e-01
  -2.3509604486792668e-01
  -8.5589394245208672e-02
  -1.8707462633478578e-03
  -6.4707290653234439e-02
  -6.7006332880374553e-02
  -3.7661723254660370e-02
  -5.0225140994895447e-03
  -3.5406699328074727e-02
  -7.1098854024479324e-02
  -1.2277370001005809e-01
   0.0000000000000000e+00
  -8.3526823714528478e-02
  -1.5984815177395620e-01
  -4.0867190650564642e-02
   0.0000000000000000e+00
  -9.9704101020310718e-03
  -4.1847291463184097e-02
   2.4424718465731250e-02
  -3.9870573059651263e-02
  -1.7251724305972830e-02
  -7.7780331008871148e-02
   4.6738610614307050e-02
   1.2461255454729460e-01
   4.6263103694352929e-02
   7.8209804507272884e-02
  -1.0912460072106803e-01
  -9.3149747647133158e-02
  -8.2802034825868537e-02
  -1.2439736016616938e-01
   7.8860490236708734e-03
  -1.2199878769877329e-02
  -5.4887905516128314e-02
  -2.7394291007392746e-01
  -1.2666311819998982e-01
  -4.4975040634507316e-02
  -8.0108956656889593e-02
  -8.5282623163298529e-02
   2.0516401118291540e-02
   6.7917556061694917e-02
  -9.6079395144979804e-02
   5.3456806781756655e-02
  -1.2295204929071922e-02
  -1.1377576339457441e-03
   2.7000050833702171e-02
   1.1126159982363692e-02
  -1.2720514858015166e-02
   7.8361695628148299e-03
   1.7098904197618482e-02
   1.1563822444829232e-01
   5.7077277853297456e-02
   1.2214545454771793e-01
   7.8926285192257323e-03
   5.3145080710351511e-02
