   3.6145586761495319e-02
   9.8833767723680438e-02
   5.5444531662918045e-02
   2.4638199558745456e-02
   4.6023393806748573e-02
   1.3548893348337063e-01
   9.8092738755378980e-02
   0.0000000000000000e+00
   3.3595684683886941e-02
   1.7025129701251852e-02
   4.6357431567174874e-02
   6.0634047023454443e-02
  -4.1236563850048603e-03
   8.3048917377242015e-02
   1.6773955679347141e-02
   7.3655026556694115e-03
   3.4778261530780792e-02
   1.4069766396842865e-02
   7.8813212210200018e-02
   2.6957760740781996e-02
   1.8706290674911273e-02
   6.4321757733628842e-03
   6.2625643534041861e-02
   0.0000000000000000e+00
   6.6159058192520478e-02
   4.2036844708466581e-02
   2.1303069665013392e-02
   9.0307272188492868e-02
   5.8683330625165378e-03
   0.0000000000000000e+00
   5.7486906639483352e-02
   2.9092277693917996e-02
  -1.1681328320566255e-02
   0.0000000000000000e+00
  -2.1719970903391946e-03
   4.7754252415160986e-02
  -4.9011338638088743e-02
   0.0000000000000000e+00
  -4.8529562519570975e-02
  -5.6384771369598395e-04
   2.2699072216640696e-02
   1.1094671733450554e-03
  -1.0817066162530975e-02
   3.9942323116893858e-02
   2.8319188656850511e-03
  -4.8319578319430651e-02
  -7.1479167191284883e-03
   2.4326820738663664e-02
  -4.9767693899364827e-02
  -1.0477562548041037e-02
  -5.1037167531910413e-02
   5.7915601759161134e-02
   4.0906875951339190e-02
   3.6311465323879959e-02
   3.7377986197993700e-02
   1.1592571709166182e-02
   6.1032251316103590e-02
   1.2470931567793660e-01
   8.5337959587293455e-02
   1.2703407772000508e-01
  -2.4921828325730720e-02
  -6.2954353289576673e-02
   3.5817642558577917e-02
   0.0000000000000000e+00
   3.1301641285885445e-02
   0.0000000000000000e+00
   4.7153547790971799e-02
   5.4416932770873373e-02
  -8.3898187386749729e-02
  -1.1125408206570668e-01
   2.4762386081218273e-02
  -1.9899325383376895e-02
  -3.6573526876991599e-02
  -2.4692931042444607e-03
  -3.3979697618326046e-02
  -3.5138921147528139e-02
  -8.4590312955543423e-02
  -1.3889739957463360e-01
  -3.9270355083038909e-02
   2.4045029702223550e-01
  -1.1771066340220428e-02
  -6.9136242550537588e-02
  -3.4159301343592186e-02
  -5.1105501706674977e-03
  -1.3666649636126346e-02
  -7.5522840294885540e-02
  -3.4383298406841609e-02
  -4.8301297935200764e-02
  -7.8247150158451087e-02
  -1.4012086653461247e-02
  -6.9440541815181125e-02
  -7.2315084308037847e-02
  -1.8966675184576631e-02
  -9.7589226045324440e-02
  -4.4249092940859235e-02
  -4.4317368519895012e-02
  -9.6578620776046394e-03
  -1.1112312735411271e-01
  -3.1151656284171693e-02
  -1.0870914683389422e-01
  -5.1080204876349948e-02
  -8.9761975762914864e-02
  -9.9929736982623821e-02
  -1.2730170827302453e-01
  -6.7074107636692810e-03
  -1.7189399875482639e-02
  -3.5596784344814641e-02
  -3.7247591845288260e-02
  -3.8855892059930147e-02
  -6.2996387236245510e-02
  -6.9647068026737327e-02
  -5.2943448354073448e-02
  -1.2929768880857917e-01
  -1.0744280279565634e-01
   1.2122342560015507e-02
   1.9189972839444173e-02
  -9.4998236434892483e-02
   0.0000000000000000e+00
   1.2207846218011737e-02
  -9.4977377329431012e-02
  -1.6525017062983375e-02
   1.4288268817278084e-02
   3.2099463914540785e-02
   1.3854584177649915e-01
   5.7860817778161752e-02
   6.3627581126829647e-02
   7.7244984435524189e-02
   4.5999241436202098e-02
   1.5106024925193402e-02
   8.5113128482994932e-02
   8.7084710569597976e-02
   0.0000000000000000e+00
   3.8252360978641917e-02
  -7.8870310201453499e-03
  -4.7319643481168721e-03
   1.6990850731161259e-03
   2.5188401879338788e-02
   4.5585740161228849e-02
   4.8430544337226787e-02
   6.8075104940892792e-02
  -2.1965261077656551e-02
  -2.9235401231441721e-02
   1.9607405835619766e-02
  -2.6009325033443512e-02
  -1.9430388310340913e-02
  -7.0494816490885735e-03
   5.8096958862063959e-02
   7.5493273546804823e-02
   6.1325023435622038e-02
   5.3238327826080858e-02
  -1.6126364617754154e-03
   1.6972807586323305e-02
   3.0891280290817561e-02
   1.5377898427177900e-02
   2.6206716510560040e-02
   3.4894254905606173e-02
  -2.4699764436182089e-02
   9.7707420305286462e-03
   3.8376934648272631e-02
   4.2735960585617572e-02
   3.3162656812376935e-02
   3.0584764962905023e-02
  -1.0921456881541268e-01
  -1.1307680473023561e-01
  -4.4140481615039376e-02
   1.8917035042695365e-01
  -4.2645707737536030e-02
  -4.9208401316415726e-02
  -8.8927192246980702e-02
  -1.5567494152490960e-01
  -7.7464469433992239e-02
  -8.6814159438420718e-02
  -3.0241724804499506e-02
  -4.0876063075812784e-02
   3.3055761168603840e-03
   8.1931049379613957e-02
   5.9706497844740358e-02
  -3.3201115456841221e-02
   4.3254210682633375e-02
   5.7206136530013767e-02
   2.9025681176104899e-02
   1.1552876780544986e-01
   2.3692474765557810e-02
   1.0559298515075138e-01
   2.8941626217794815e-02
   2.7869022666449448e-02
  -2.2175310740191703e-02
   2.0147548491223941e-02
  -9.0089475726517404e-02
   9.9811742454666320e-03
  -5.7231462359361024e-02
  -2.4266915507116658e-02
  -9.7943939132384528e-02
  -1.6229581620905240e-01
  -7.9564941412822526e-02
  -1.0859263024609557e-02
  -3.2578458039858753e-02
   3.1045515930359113e-03
   3.2692920497483680e-02
  -1.6821624283562271e-02
   4.2280050689097555e-03
   3.0807257562014988e-02
  -6.9234974845682667e-02
   0.0000000000000000e+00
  -1.7165100508632271e-02
   4.2358283509630938e-02
  -3.6974097187987033e-02
   0.0000000000000000e+00
   3.2597528035743506e-02
   7.6646037151224547e-02
   1.2847439034892794e-04
   3.8880109528530528e-02
   3.5349743199621975e-02
   4.6922896588950463e-02
  -8.5440915255083474e-02
  -6.3828783448957718e-02
  -1.1463804029406006e-01
  -1.3484870294284010e-01
   1.9617768679869352e-02
   9.1300654302597165e-02
   1.3289049423503710e-01
   2.1454954678219668e-01
  -5.2175187894972504e-02
  -2.0104679877871279e-02
   2.0003004649119388e-02
   1.3448817259895113e-01
   4.1407200106125070e-03
   1.3409750580406863e-03
   1.9239309115542766e-02
  -1.8203665272785722e-02
  -6.2044889605487707e-02
  -7.2346943138423561e-02
   1.6483406491621216e-01
  -6.4689279525177390e-02
   6.7337217308688621e-02
  -1.0765899657894746e-02
  -6.3521719615572569e-02
  -3.4045038290093789e-02
  -3.1588439798092963e-02
  -5.2901960782814117e-02
  -3.1471931774567342e-02
  -1.2274261035392323e-01
  -8.5654238862671594e-02
   4.3854678600001952e-02
   3.1507095761275042e-02
  -4.3371996412282982e-02
